#1 52341 80470 93522 12345 28951 65769 12721 84376 65683 14525
#2 53430 43691 85764 93092 57475 54245 94351 84198 80421 49967
#3 76311 73747 71556 77512 19927 77713 67338 76383 90900 98756
#4 54448 59875 79252 31462 68386 57876 52975 86731 67258 77366
#5 39007 60207 73285 10728 88171 48619 75712 15446 23418 99822
#6 58671 26286 73525 37713 73183 75025 54687 90101 90680 56126
#7 74292 85583 82186 64407 76507 94660 77068 46255 88138 61747
#8 37348 88748 99220 89208 84696 49618 60879 54244 79353 74875
#9 47697 76079 74641 85888 57282 92253 17427 67123 77985 80571
#10 34385 73794 54311 84297 76700 65107 93009 45620 57759 19210
