141
80470 93522 91595 40274 64596 28951 78237 71839 68986 91931 23139 65769 12721 84376 60364 37355 77352 99789 71455 88671 85417 48113 20317 64516 56385 98116 67886 93076 67948 71168 73442 78027 67493 80227 84992 75368 85097 87462 69511 80418 86068 51721 84851 76985 85632 43204 66753 53736 67021 63253 74602 86122 63379 93495 78444 57852 75856 79464 16436 70490 89984 78050 64619 99391 92063 77283 80992 75624 52776 78243 63133 66192 17416 78690 75040 93814 47979 89435 58594 87761 60445 85194 79330 96865 53033 86505 47898 19281 65803 45047 64133 11643 90433 56622 72995 55456 53830 25404 77549 71765 63893 64780 57055 27115 98217 15255 48887 81437 86017 89949 66608 39079 88344 98025 83588 86085 85099 57863 82161 52913 89715 58355 12773 53418 67245 37608 96519 18010 81815 94242 72614 61742 50859 45022 81998 92210 89190 96601 69883 70577 99397 
6
I 2 2 12345 67890 D 3 4 D 4 5 I 0 1 52341 D 100 10 I 8 6 65683 14525 40885 85424 90294 76670
141
80470 93522 91595 40274 64596 28951 78237 71839 68986 91931 23139 65769 12721 84376 60364 37355 77352 99789 71455 88671 85417 48113 20317 64516 56385 98116 67886 93076 67948 71168 73442 78027 67493 80227 84992 75368 85097 87462 69511 80418 86068 51721 84851 76985 85632 43204 66753 53736 67021 63253 74602 86122 63379 93495 78444 57852 75856 79464 16436 70490 89984 78050 64619 99391 92063 77283 80992 75624 52776 78243 63133 66192 17416 78690 75040 93814 47979 89435 58594 87761 60445 85194 79330 96865 53033 86505 47898 19281 65803 45047 64133 11643 90433 56622 72995 55456 53830 25404 77549 71765 63893 64780 57055 27115 98217 15255 48887 81437 86017 89949 66608 39079 88344 98025 83588 86085 85099 57863 82161 52913 89715 58355 12773 53418 67245 37608 96519 18010 81815 94242 72614 61742 50859 45022 81998 92210 89190 96601 69883 70577 99397 
19
I 2 8 88745 69482 83136 66934 85330 18964 59225 71057 I 1 16 70375 90548 96228 63098 53430 43691 85764 93092 83297 70322 44375 84756 93528 79861 89802 88693 I 14 93 83553 87504 88663 13764 28828 53188 88809 82884 58443 97708 60093 71033 73565 77026 50162 44362 51450 83397 76705 76055 70594 11297 21079 33321 56653 56577 61921 76558 28219 94993 53673 70641 80421 74302 82524 75326 16410 14930 65559 75472 18642 17612 86518 87430 84205 91908 51731 77114 41188 74296 66955 74694 47845 94550 93306 92683 85130 68280 61949 44001 95857 98233 87088 53286 66613 31928 89133 80052 76915 10621 73233 98920 53445 83736 22890 50462 81353 46130 71424 86964 60186 59575 77123 64516 80724 88072 48090 83690 23683 12522 69095 79936 91637 D 0 4 D 12 15 I 129 49 66448 88823 50795 93445 19839 68275 46500 87514 85820 76877 57312 69062 10994 82420 46347 81524 85582 85204 87058 61586 71947 68888 84703 84936 79908 49644 30418 54981 67594 92542 74371 79670 78882 65784 35374 61890 63197 83077 87890 19083 88485 94035 33497 58091 95462 97166 62641 48604 45069 D 5 9 I 19 15 49967 69617 89378 79998 86212 96236 87125 94453 56456 67522 13038 79852 68039 43646 22231 I 30 29 75102 55469 86407 14175 83266 43037 61262 61133 88476 59336 55114 47110 62121 64173 72502 85780 13330 75461 40909 86901 62151 87310 89293 59301 47439 86404 72942 94496 25578 D 7 10 D 18 12 D 29 88 I 5 4 57475 54245 94351 84198 I 18 20 70514 78219 61109 60515 69384 73155 84247 84113 81792 71841 35025 59578 71046 67728 54799 82635 73928 74493 88063 64430 I 43 85 48438 68854 41141 35529 99169 77050 80842 94261 54326 19526 67736 61417 66707 74537 57721 90368 91217 71564 31692 91544 97870 80029 75755 76489 88165 73975 12704 75953 78705 38453 65020 90734 84816 84213 69542 42520 71390 38098 66189 85198 67574 82025 60939 96940 84850 81236 66686 89804 67890 92209 21314 62284 74768 84122 66226 48455 63977 86318 71210 68825 74647 73606 76805 48415 79096 80960 81314 95283 97511 56054 89946 58163 50495 72262 65675 67130 70367 82890 76687 58469 91552 68642 83396 53197 96351 D 0 1 I 19 10 81817 16756 55119 91311 90035 81188 79108 78454 48818 30559 I 93 71 82705 73182 91804 73497 84033 52177 60671 61497 76227 74618 10717 11798 62152 60868 12033 57292 60791 58017 93720 16008 90880 92408 63660 12133 88971 30503 40443 83921 89674 78025 19746 93461 78179 60186 37498 94767 72197 75927 72705 55690 15563 64300 21858 95379 80786 74691 43001 74676 80341 86603 89795 14028 88146 58797 17004 68341 14241 19528 55631 69354 62881 16933 52072 81579 78286 45874 56819 66976 10580 64315 87454 D 8 3 
128
63246 99259 71187 70107 96120 99742 57854 96505 50255 18753 72459 47868 14127 83007 66023 69200 91890 15940 63037 96354 76822 76414 46779 69021 72792 85543 73994 20958 93409 15403 94679 87616 12878 70950 66769 24047 65147 93012 70814 79769 25829 48691 64239 91128 95817 56492 94319 61703 74447 66734 85191 89141 88487 41763 83624 21082 51451 70647 78779 28168 15976 90645 51373 39333 83145 34669 55593 85888 18698 77030 14411 79766 95128 60017 54896 92495 52974 10085 83346 35611 74442 79970 46320 37476 87635 91043 54067 66454 69563 89250 60937 78365 95276 75341 78366 98407 59344 78480 60190 73694 52693 41557 82867 53486 51302 66955 66955 74500 96432 72475 55635 46219 81630 12644 10018 94958 64029 50175 46169 88732 84120 32810 75763 79615 83835 82017 99883 25221 
16
I 14 16 93840 70318 67222 83499 74656 61480 88994 80720 59265 90179 92434 84878 94494 66476 83286 53007 I 92 33 72397 67701 95423 65033 64350 16978 89412 84785 84414 10572 12087 16359 63242 83776 92132 76339 48988 41452 94772 79299 27091 55482 74326 92036 10488 59013 38886 98257 80026 49451 89470 39430 90657 D 1 8 I 12 12 51286 89525 84485 72310 93460 75714 88614 80537 20102 84780 51179 82649 D 76 34 I 0 10 76311 83525 40791 88384 69016 98580 68595 75122 33334 79296 I 10 14 95023 95179 80264 57995 73419 62281 97341 89671 71324 55862 78861 70200 61995 56286 D 20 30 I 1 5 73747 98756 61948 56580 79108 I 5 17 83357 15256 92358 78025 92454 69880 63708 44652 31408 91015 73759 61532 83796 80048 71977 82421 91949 I 142 54 37112 78858 75480 62917 83665 83272 64775 79002 95866 63796 71324 66049 93520 85335 60645 98052 90143 79422 73774 17441 11042 89973 79810 98069 94168 93065 25067 96059 72025 78851 78841 67885 55301 10723 59956 10603 66468 95074 75755 57774 80646 28765 79720 54613 17507 46575 84473 81144 76602 61606 47081 51365 83109 99340 I 8 8 56016 19794 60453 44026 73794 46672 63711 20325 I 18 12 61372 83484 58166 44044 70989 80396 67942 47930 80854 81573 75746 64840 D 217 8 I 2 7 71556 77512 19927 77713 67338 76383 90900 I 13 13 61471 10198 48328 95953 88492 64021 64335 67600 71275 91855 77286 55699 90328 
191
79137 99290 95746 82057 31462 72013 13890 63650 94004 74354 64494 43652 78675 59477 66852 69994 69522 11120 13742 57903 21419 82306 55051 83697 62620 39397 97363 25002 37119 80184 97764 84375 93362 15348 88970 36758 86783 54229 89106 80318 79411 52282 85317 75168 61338 67003 50162 75717 65408 88168 89061 52154 52529 78665 63463 70668 59129 89197 98760 47684 82468 20815 76368 93938 97022 91306 43343 72094 38100 82651 64909 14664 47598 93567 77017 98856 31646 73119 99326 90654 12955 58187 87752 64578 72931 91533 49155 68386 57876 74350 90489 65612 69382 20336 74746 50247 63494 63308 63312 63141 55395 65116 12981 44524 70246 73280 78505 79789 94044 83968 56645 55409 90001 82858 73190 11317 80466 94283 51031 82997 97769 99310 45926 76622 12307 84895 33503 57754 64460 60265 56715 81573 79280 16074 78393 69886 87962 63099 63156 89645 58072 72923 34872 74433 98229 70023 84288 12981 81276 60295 18011 55108 86651 71912 12288 54091 56317 16168 89855 89831 73292 88322 95237 68004 83128 80595 62825 88587 41354 11939 37116 69033 93712 78900 48006 55566 11012 91358 61655 75713 48738 94013 95159 89166 96200 96607 69110 69703 68625 81998 53340 
17
D 111 46 D 9 10 I 13 19 71074 74681 98886 89416 89899 58234 65683 14525 40885 85424 90294 76670 14620 87429 86940 86404 72317 19865 96564 I 126 16 73054 86792 81379 36035 47894 61778 10457 73789 47364 81858 64949 88778 90883 65266 85793 72327 D 7 5 I 4 5 91275 86677 54448 59875 79252 D 35 60 D 0 6 D 16 8 D 86 1 I 8 9 70383 73345 94266 89498 54066 80205 53164 77864 75886 D 8 3 D 32 52 D 6 3 D 4 10 D 4 11 I 6 7 52975 86731 67258 77366 92856 84182 93316 
124
16025 71171 54060 90846 77433 80125 69486 56401 11907 65661 71972 83671 54285 64607 46315 14395 90760 63360 29391 89998 75421 79802 85020 10728 88171 48619 75712 15446 23418 99822 87524 96309 89241 83616 94757 72385 54835 78299 66334 88803 11365 46205 80495 76539 93434 22224 21791 88162 45917 55906 47485 84853 74812 81504 64373 51089 85938 80688 88114 76561 29005 17702 71759 44882 69076 68040 77673 75949 30647 95301 64541 83586 51875 76040 10358 54059 85426 59374 83905 62468 13167 19521 88807 92521 79783 60047 52247 85687 74695 87299 53486 55880 84602 38664 10869 73081 92636 71549 49913 50344 84744 79932 21207 87853 66077 71201 80360 63336 44596 84231 75293 17185 80236 74699 28317 61801 71902 62539 95751 87783 68774 82784 84470 57738 
10
I 6 11 70888 58120 64173 75951 75710 58581 75437 67621 22062 89596 83172 I 28 8 64813 92240 66736 58171 42450 97411 82352 91454 I 3 8 70126 39595 81374 67238 97691 85171 73269 75445 I 1 13 47809 85427 70482 93329 46275 77635 80946 66587 51884 39007 60207 73285 80042 I 156 55 80758 80370 76436 13429 85664 63966 74939 71986 47787 59237 52462 73611 74928 98408 79307 84589 64716 64960 72942 55348 81435 13243 76529 57913 20266 45027 21473 72923 73667 24022 62731 71543 19909 33055 88411 97382 97929 47515 79099 53507 99707 41732 67463 79278 81739 62152 23567 75202 62480 23090 91865 79770 95977 66509 68054 D 0 10 I 9 10 76332 89095 26948 99313 38303 67668 55927 60867 65844 83450 D 17 45 I 9 4 69180 67812 61576 97249 D 3 19 
188
58671 70766 71135 10274 74420 64190 57891 90145 43600 69907 85772 43906 57309 20602 75253 90101 90680 56126 52027 65169 27567 98634 97848 86900 61386 80843 72010 46524 73658 69472 86477 26611 58853 76704 63513 79332 84013 76586 79761 96509 67433 54169 54922 70633 89976 30200 63077 54467 26533 68758 29676 70825 77949 81756 66859 63415 51242 89977 81359 77064 79387 84356 11058 77496 89384 66847 70752 66018 39728 34017 89609 95909 67854 58987 99862 92186 80544 78420 99810 64607 65214 72762 94665 91279 40774 49849 80170 72901 16773 61295 91743 19600 66568 55029 57027 58553 66295 55528 74420 17438 86977 81892 69006 69913 91968 65926 71084 90136 76115 65130 68713 12087 82130 25242 56867 75328 85918 82788 86581 64160 78479 74674 84731 60164 49538 94130 67026 74118 69458 57087 56084 86852 19020 13478 97824 65627 88574 56560 81231 78818 91026 61901 82430 50169 83315 22230 53385 70077 63872 96602 67660 51527 78994 78912 17428 74164 75398 84922 22620 15760 80441 53088 95616 84136 87429 80337 59324 97382 72009 45222 46332 39801 16846 83066 89757 87033 83104 20830 65786 89862 54510 40091 70511 24873 89889 88348 75864 10400 
10
D 87 6 D 7 7 D 15 11 D 142 12 I 6 7 80811 90639 76280 80854 69305 92344 98916 I 6 11 11264 20092 26286 73525 37713 73183 75025 54687 56569 53876 65408 I 99 42 98167 62943 75142 74183 56641 89795 98624 20270 99912 89306 67924 60262 73096 49633 55871 39675 76029 45716 86907 78779 53666 91824 55175 73441 17380 92399 68574 63656 52591 55052 14700 86092 57743 74181 92764 92170 70862 19672 61051 95518 98091 77565 D 1 7 D 7 12 D 75 19 
153
74292 85583 82186 64407 10807 49771 76507 60755 53870 77196 44111 96514 73734 75855 85701 87231 86383 95822 79509 82345 82048 83495 58143 52184 98841 61814 61118 68204 42515 48341 28475 89981 63307 14417 70567 79915 80798 32166 75944 85136 95207 70257 70703 90055 15474 75822 46998 65520 60107 80390 12200 50722 70175 85657 94835 71290 65240 38785 86947 90135 14661 78168 65569 56595 66286 91072 57422 86665 88834 90446 79745 53400 96748 67491 58393 62042 78729 73561 40817 15962 14116 15482 48614 50278 77129 89174 93905 16985 48164 59863 97428 97679 66338 80170 68741 59765 97565 59881 57089 98997 73715 10019 69477 78189 72830 83232 54288 92344 73373 50639 81496 91825 68905 87130 64160 62584 84479 75617 36926 75300 94715 73851 74127 39634 72955 68678 76785 81058 73175 90720 83905 98475 82543 34146 92247 75533 70557 99049 15489 96993 70970 86930 27838 70213 67113 72439 97637 11972 73793 59318 69301 56105 88160 
11
I 7 6 64151 61411 73312 58030 71275 69275 I 17 9 97768 54266 64628 75191 94660 84595 66729 98939 66663 I 42 63 65211 78300 91737 72960 64115 92440 54792 63742 71496 21033 69011 10479 75640 53434 16678 84480 94269 60952 95788 98042 92627 54478 10274 60395 65400 78552 74243 14527 85861 88373 42205 12050 92889 97245 25450 72800 71183 94671 82455 37380 67650 62726 80624 66314 19487 57980 55616 67055 32257 96814 72643 95279 77349 73499 13478 76358 73895 38716 42838 26657 60244 84876 52445 D 4 2 D 11 3 I 32 43 43936 97925 89826 40017 93475 79756 47580 82343 74233 39041 86479 81006 88874 83503 68420 72951 32967 93282 65994 88712 12873 64999 51181 70513 58479 62599 75575 52477 91536 69905 32933 78711 55629 72528 92786 55854 15136 74256 78973 64363 89028 23437 91102 D 6 6 I 11 5 77068 46255 88138 61747 82281 I 81 89 69324 76408 19490 71457 78386 19939 70160 57923 56512 29587 66405 91210 54483 73382 23548 52691 80838 56858 78178 64119 52724 92825 54977 78038 74427 59453 88199 57994 93301 99878 32509 93230 80002 48749 84916 87393 77625 71218 64981 69821 87033 56715 36298 80860 25997 94105 12259 57181 64513 62069 53674 77532 11633 14254 16059 51444 59259 55821 64051 63297 71110 49661 58683 93791 97603 74031 72259 69098 40525 87227 85797 16623 87102 66751 29885 39864 71027 91223 63206 90164 78666 94620 64639 63884 72218 46510 75617 89693 69957 D 5 5 D 10 17 
148
37348 88748 77865 16332 81269 58353 80857 83950 15943 65104 64608 58241 36054 86872 55050 48930 76606 99220 88100 65243 16714 91791 62198 89533 89208 84696 49618 60879 54244 79353 50687 88095 82918 74875 75724 40120 94286 84465 63108 86698 58344 53471 59505 92154 20719 72407 72419 90555 77535 98403 29331 39925 24387 69901 80254 68021 67369 86885 74561 62727 22042 66804 51382 81655 81702 55879 68137 73617 16341 24411 44777 91616 71990 71019 75072 79858 63076 63313 82553 86738 83899 29996 66272 84619 75014 54919 84419 84522 93461 31326 74093 54203 66990 95468 97064 65610 39841 13439 61252 49124 58040 56034 64779 72083 87488 58353 51913 93028 63109 65736 58825 19155 69076 63986 66137 74396 60280 85756 80836 22412 75325 95858 54357 74219 56301 15953 95576 78875 94552 59859 61212 71091 86598 79318 63722 67010 78214 54388 61711 15043 84195 85818 40150 65649 71978 75444 35070 80938 
13
D 59 14 D 6 5 I 13 1 86341 D 112 2 D 3 3 D 10 7 D 32 79 D 2 7 I 13 5 53352 71634 53059 62055 55370 D 15 11 D 9 3 I 17 8 56263 37055 70091 75892 33559 76130 54206 71096 D 20 4 
159
47697 54231 11557 79331 84260 71798 86149 81430 83576 99060 61253 15207 85481 12319 98831 97891 91667 71171 60672 87347 82067 10426 73526 67400 96772 78817 21193 79738 55809 65830 85208 99238 70441 78705 73086 50344 66325 43297 57303 52829 62051 72592 96769 20496 54445 89886 56596 62029 10496 74530 26015 88897 71593 78331 96620 76373 63125 78084 68587 55912 83179 90264 39362 57686 11708 56342 11138 94203 66898 88536 54005 78385 52633 92985 44935 69332 45501 23814 59877 34867 92249 87373 13977 55768 54029 55223 54129 97519 81521 82225 11336 74724 74273 43544 78970 72851 90299 34247 11748 94168 67547 58010 57823 74127 12427 76269 26698 61589 72985 57373 90241 14134 48496 91267 71663 10604 76476 78208 91456 22403 67993 72811 68240 19434 43428 71075 87292 60763 83319 92292 89247 97347 82607 64360 83092 29932 94697 12318 64250 11602 85697 98734 63722 79700 49107 10550 66178 16667 54967 63317 59101 12596 12414 96946 49174 10989 70514 88891 78668 
18
I 9 4 95102 48205 77975 52535 D 9 1 D 77 51 D 2 7 I 5 11 99058 76549 87160 32998 72634 97973 88395 92959 98671 75647 64021 I 27 71 66651 93160 78270 47754 75761 71099 62990 81037 67740 97920 65431 94599 50280 92161 90089 75459 69732 88844 73616 86159 63641 26476 65046 84532 73747 91116 78346 38402 32992 77401 76020 73025 76813 60287 83810 61505 10768 83754 43232 67147 71851 78886 32874 97709 77625 19632 79420 56240 47698 94273 93235 27923 97798 83960 63849 91089 87393 82480 52330 88966 62061 95413 68293 30077 73272 80978 53506 71860 96460 97493 94895 I 3 9 60636 76079 74641 62497 85888 57282 92253 75040 87060 D 19 2 I 148 74 89882 62821 74656 12940 68901 78704 75661 78938 54381 68742 67845 61008 85067 74948 62689 45468 18318 76611 13170 88792 94786 72228 83520 61858 87568 63104 27768 59542 54761 69745 40583 56654 69669 49942 94279 88167 65058 78986 77974 36222 46136 71147 18879 15262 41418 58194 89934 27523 86318 74716 86639 86473 18483 76197 81295 12124 18005 53706 54920 85272 75503 50277 69176 66027 74043 78996 53371 69118 58920 73843 82987 97518 90643 69915 D 6 1 D 11 10 D 118 39 D 1 3 I 6 5 17427 67123 71114 45684 10151 I 81 70 77768 71506 84496 50701 73459 78080 81653 27400 96976 54838 78186 53707 56795 75828 91500 81167 75153 64305 49653 66198 78446 14046 69892 84760 75758 95268 81812 53840 76940 65935 15888 75518 76230 89836 73253 60122 35861 16358 71455 70305 66296 67948 65929 75283 82153 54789 80224 98277 80741 61826 48543 69081 60137 47899 61509 69800 68333 83214 54857 89102 88561 13575 30746 71368 55664 90609 98149 64146 69093 88154 I 8 3 77985 80571 71831 D 10 3 I 206 81 73067 98219 74379 32196 92207 66556 63974 78684 82868 77915 51208 80101 71109 96851 65084 42860 68401 52846 21824 93950 55231 86071 60175 71333 38576 72255 83780 97390 92287 65036 54973 13781 63299 82991 52675 77206 94815 60467 83879 75788 61596 93344 67248 48854 69572 62214 21660 49917 21783 74736 73832 89229 51981 88811 98990 84628 67014 92800 80202 74524 16139 89152 67977 70451 71257 45233 57273 16212 95436 73571 12179 57657 67776 55009 70163 85058 75776 81079 84440 59657 61273 
170
90766 56103 15850 77992 90316 81258 72420 10069 16453 24503 26470 58219 68360 39131 99296 84950 43198 68931 93226 78018 55892 19210 55075 77259 72744 68093 95911 84364 50579 69511 79760 79267 26979 76371 65980 69293 62369 38015 63493 40003 77308 13205 79946 69890 80736 22228 72548 84613 64041 72020 62770 69996 74673 41494 87180 55631 68693 49602 50000 98506 90993 78965 67165 70012 62307 82250 89481 65533 57731 64095 50101 60397 93743 97488 20266 90086 79046 78008 53111 70019 93087 10660 86468 74083 74777 83038 40065 56095 68239 76627 70023 62805 75357 29344 85428 53663 72159 88079 92386 81050 57969 18301 46575 77283 14561 78919 98998 67605 44854 81881 88085 88269 21906 13646 80355 71844 70542 84337 59138 92987 85716 65199 72010 89897 83540 41140 83351 77325 62568 75423 56264 64643 77419 86663 10022 72230 58556 61834 93247 82320 90803 72645 93501 55395 36528 95315 58766 44852 76301 59727 60430 82339 37157 95193 70295 63052 97110 55303 75271 89800 80636 91386 60984 63416 32113 21820 60937 92339 68371 60569 
20
I 4 6 83033 10157 97405 26467 51266 77899 I 0 18 34385 73794 80182 96376 71285 42371 55825 90581 63993 95314 88965 58950 92541 96632 59932 89623 70922 43202 D 176 3 D 8 8 D 10 8 D 117 6 I 7 3 71785 83285 24229 I 4 3 67699 54311 84297 I 136 57 57456 86513 36515 92041 72245 44081 88435 67020 74071 94189 74638 80343 68723 66689 90384 98442 72996 60490 69910 53696 65540 99489 97722 90194 68788 83431 64539 88607 99788 99187 76882 75780 55530 76707 80253 77273 57000 67540 14885 68220 39587 97379 85531 88010 31609 84135 74439 92830 72386 83713 93910 70357 64798 77004 54372 56137 86566 D 2 3 D 6 7 I 99 91 26807 29760 72750 92915 45671 83451 76917 55446 14656 60915 63709 44845 10079 84305 80975 86881 71473 62533 16680 84190 78589 68090 98054 94803 86726 58523 73507 86380 48626 89428 63483 83665 84721 68690 61307 86579 73516 67776 72335 53816 61203 18745 64800 83091 81421 25102 84511 67050 73352 59237 74611 70124 94708 19901 55821 82757 43190 91522 44501 13327 66110 90414 69049 23465 52472 77950 87971 70413 75344 25248 14578 69751 47792 83390 85056 84372 66951 75525 15929 70416 12718 13072 75530 33029 79684 70587 20831 66769 90115 62595 62307 I 6 7 62326 12468 13453 73903 68168 71746 59503 D 6 11 D 115 57 I 4 4 76700 65107 93009 86954 D 17 7 I 79 71 73789 68895 95927 62644 15480 30098 74001 64964 39206 33633 12405 38455 49121 14428 67422 61850 73610 76236 70119 80506 93800 75534 49518 53857 51658 70846 93886 70109 95738 85736 96674 67704 40517 84120 67815 81087 70903 52187 84569 93247 70492 80314 45764 84867 63936 84548 24164 83478 69488 52356 77493 48773 25382 91781 52947 52828 59615 54612 20362 99878 65078 77054 91990 77171 58890 71820 54867 99017 76452 72206 90589 I 7 3 45620 57759 78516 D 9 12 
